22 26 22 26 22 26 22 26 22 26 22 26 22 26 22 26 22 26 22 26 22 26 22 26 22 26 22 26 22 26 22 26 22 26 22 26 22 26 22 26 22 26 22 26 22 26 22 26 22 26 22 26 22 26 22 26 22 26 22 26 22 26 22 26 22 26 22 26 22 26 22 26 22 26 22 26 22 26 22 26 22 26 22 26 22 26 22 26 22 26 22 26 22 26 22 26 22 26 22 26 26 22 22
22 26 22 26 22 26 22 26 22 26 22 26 22 26 22 26 22 26 22 26 22 26 22 26 22 26 22 26 22 26 22 26 22 26 22 26 22 26 22 26 22 26 22 26 22 26 22 26 22 26 22 26 22 26 22 26 22 26 22 26 22 26 22 26 22 26 22 26 22 26 22 26 22 26 22 26 22 26 22 26 22 26 22 26 22 26 22 26 22 26 22 26 22 26 22 26 22 26 22 26 26 22 22
22 26 62 69 68 69 68 69 68 69 68 69 68 69 68 69 68 69 68 69 68 69 68 69 68 69 68 69 68 69 68 69 68 69 68 69 68 69 68 69 68 69 68 69 68 69 68 69 68 69 68 69 68 69 68 69 68 69 68 69 68 69 68 69 68 69 68 69 68 69 68 69 68 69 68 69 68 69 68 69 68 69 68 69 68 69 68 69 68 69 68 69 68 69 68 69 68 69 68 69 58 22 26
22 26 62 19 12 12 16 10 88 84 84 84 84 84 84 84 84 84 84 84 84 84 84 84 84 84 84 84 84 84 84 84 84 84 84 84 84 84 84 84 84 84 84 84 84 84 84 84 84 84 84 84 84 84 84 84 84 84 84 84 84 84 84 84 84 84 84 84 84 84 84 84 84 84 84 84 84 84 84 84 84 84 84 84 84 84 84 84 84 84 84 84 84 84 84 84 84 84 84 84 58 22 26
22 26 62 18 15 19 20 20 79 83 83 83 83 83 83 83 83 83 83 83 83 83 83 83 83 83 83 83 83 83 83 83 83 83 83 83 83 83 83 83 83 83 83 83 83 83 83 83 83 83 83 83 83 83 83 83 83 83 83 83 83 83 83 83 83 83 83 83 83 83 83 83 83 83 83 83 83 83 83 83 83 83 83 83 83 83 83 83 83 83 83 83 83 83 83 83 83 83 83 83 58 22 26
22 26 62 17 19 21 19 16 79 73 83 83 83 83 83 83 83 83 83 83 83 83 83 83 83 83 83 83 83 83 83 83 83 83 83 83 83 83 83 83 83 83 83 83 83 83 83 83 83 83 83 83 83 83 83 83 83 83 83 83 83 83 83 83 83 83 83 83 83 83 83 83 83 83 83 83 83 83 83 83 83 83 83 83 83 83 83 83 83 83 83 83 83 83 83 83 83 83 83 83 58 22 26
22 26 62 11 20 14 16 18 79 73 74 78 81 81 81 81 81 81 81 81 81 81 81 81 81 81 81 81 81 81 81 81 81 81 81 81 81 81 81 81 81 81 81 81 81 81 81 81 81 81 81 81 81 81 81 82 73 85 81 81 81 81 81 81 81 81 81 81 81 81 81 81 81 81 81 81 81 81 81 81 81 81 81 81 81 81 81 81 81 81 81 81 81 81 81 81 81 81 81 81 58 22 26
22 26 62 20 20 21 14 14 79 76 74 77 12 11 11 16 15 15 11 15 14 15 18 16 13 17 14 10 16 14 15 20 20 15 19 16 17 15 11 17 11 11 10 17 10 11 10 11 18 14 18 12 19 17 11 14 16 18 18 79 73 77 20 17 17 10 21 19 18 16 10 18 12 18 21 11 17 11 10 21 20 16 16 17 11 15 14 20 17 14 20 13 15 17 19 19 12 14 11 17 58 22 26
22 26 62 18 14 16 18 18 79 76 75 77 19 15 19 20 12 21 19 17 15 15 20 11 18 17 17 19 14 13 13 11 18 21 13 13 19 13 21 17 15 16 13 14 17 17 16 19 11 19 17 10 15 10 15 14 16 18 18 79 73 77 11 18 17 20 12 14 14 10 15 17 18 13 12 13 21 19 17 17 17 13 18 14 20 16 19 14 14 15 19 19 14 20 14 10 20 18 17 18 58 22 26
22 26 62 43 43 43 43 44 79 76 75 77 14 12 16 19 13 16 13 20 16 11 13 15 11 18 14 16 14 15 17 15 16 19 12 16 19 10 12 21 17 17 12 15 12 18 20 19 19 12 16 14 17 10 19 14 16 18 18 79 73 77 13 15 10 10 14 13 11 10 14 15 17 14 10 17 17 12 12 13 19 15 15 12 16 15 13 16 12 20 18 12 20 21 15 16 18 18 16 13 58 22 26
22 26 62 32 35 33 35 39 79 73 74 77 21 36 37 38 39 41 42 43 44 45 46 41 47 44 20 19 10 21 13 17 11 16 14 14 15 13 17 14 17 10 11 17 17 20 13 10 11 21 13 14 18 17 10 14 16 18 18 79 73 77 12 19 17 20 14 20 12 17 14 12 10 19 15 19 15 11 19 18 17 13 11 18 19 18 16 20 15 10 12 20 17 19 14 13 10 12 10 10 58 22 26
22 26 62 15 14 16 18 18 79 73 74 77 18 41 42 43 44 45 46 47 48 41 42 45 44 44 18 10 14 13 10 15 11 11 14 13 10 14 11 10 15 14 17 16 15 18 17 16 16 19 20 15 11 18 18 21 14 16 18 18 79 73 77 10 20 18 16 18 10 17 15 21 20 14 17 16 16 20 16 19 12 16 15 12 17 18 14 13 17 14 15 10 12 21 13 18 17 15 21 20 58 22 26
22 26 62 17 14 16 18 18 79 73 75 77 13 41 42 43 44 45 46 47 48 41 42 41 47 44 11 19 16 11 14 21 19 21 14 18 17 12 10 20 14 16 16 11 21 21 12 18 13 19 12 15 11 21 19 14 16 18 18 79 73 77 13 11 18 15 16 14 14 15 13 11 14 21 18 11 18 17 13 19 13 12 21 17 14 18 12 17 16 21 18 20 16 21 21 21 21 13 14 11 58 22 26
22 26 62 43 43 43 43 44 79 73 75 77 10 41 10 18 19 13 13 47 48 45 44 41 47 44 18 19 16 16 10 12 20 12 16 18 15 21 10 12 14 21 13 19 18 11 17 12 11 13 18 21 16 15 16 14 16 18 18 79 73 77 17 15 18 19 19 21 14 19 13 19 21 17 11 19 15 16 14 10 12 20 21 13 16 12 11 17 12 14 14 11 15 16 18 19 21 12 11 18 58 22 26
22 26 62 37 32 35 33 42 79 73 75 77 11 41 10 18 19 13 13 47 48 41 42 41 47 44 15 13 14 12 17 14 16 17 21 15 19 17 13 13 17 17 16 11 12 13 21 20 18 14 19 16 17 16 14 16 18 18 79 73 77 16 12 13 15 10 15 13 20 15 16 21 11 11 17 12 17 20 18 17 12 21 21 12 10 11 12 14 12 11 14 16 13 14 17 17 15 13 10 18 58 22 26
22 26 62 36 34 43 43 44 79 73 75 77 11 41 10 18 19 13 13 47 48 41 42 41 47 44 15 21 13 10 18 20 11 12 14 21 18 15 19 17 16 19 13 12 11 17 15 18 21 18 18 17 14 20 15 14 16 18 18 79 73 77 17 10 20 16 14 15 21 19 13 18 17 10 14 18 14 16 16 10 19 18 20 11 21 14 10 19 18 18 17 21 18 18 17 13 14 14 13 15 58 22 26
22 26 62 32 35 32 35 39 79 73 75 77 11 14 11 14 16 15 16 10 18 11 13 14 14 13 20 17 12 12 10 11 14 20 15 17 10 13 18 10 13 12 12 21 21 21 71 71 71 71 71 71 71 11 20 14 16 18 18 79 73 77 14 18 20 13 20 20 18 12 18 12 16 21 12 17 20 16 14 16 13 10 11 13 18 21 10 12 20 15 10 17 13 12 17 20 18 11 16 10 58 22 26
22 26 62 16 14 16 18 18 79 73 75 77 14 18 10 18 19 13 13 15 12 10 19 11 19 13 19 14 11 20 10 20 21 15 11 15 18 16 12 15 10 11 14 18 19 14 71 70 70 70 70 70 71 11 18 14 16 18 18 79 73 77 16 12 20 19 20 12 19 11 17 13 17 16 12 11 13 12 14 20 13 17 11 20 17 17 13 17 11 12 21 15 16 11 16 19 12 10 15 11 58 22 26
22 26 62 17 14 16 18 18 79 73 75 77 11 10 21 13 11 17 16 21 11 10 19 20 15 11 19 20 12 17 18 10 18 15 19 20 20 15 20 19 12 19 16 15 12 21 71 70 71 71 71 70 71 21 17 14 16 18 18 79 73 77 13 11 10 20 10 12 13 13 10 17 19 18 15 15 17 10 20 17 13 21 10 19 21 18 15 13 18 21 13 10 10 10 15 20 18 20 18 17 58 22 26
22 26 62 19 14 16 18 18 79 73 75 77 19 14 10 10 14 21 15 11 21 13 19 15 16 18 10 12 14 18 18 16 12 15 17 11 21 16 16 16 13 21 15 10 19 14 71 70 71 71 71 70 71 20 16 14 16 18 18 79 73 77 17 18 20 18 12 14 15 12 21 18 16 16 13 13 11 18 15 17 17 18 18 19 15 17 21 18 17 16 18 11 14 21 12 15 18 11 15 15 58 22 26
22 26 62 15 14 16 18 18 79 73 75 77 13 18 12 20 21 17 13 12 20 10 14 21 13 10 21 11 18 11 16 14 18 19 12 12 16 10 17 16 10 17 14 16 18 11 71 70 70 71 70 70 71 13 20 14 16 18 18 79 73 77 17 19 20 16 14 16 20 15 19 14 17 17 11 16 21 12 14 11 21 21 13 12 11 14 15 21 19 21 14 15 21 13 19 21 17 11 17 16 58 22 26
22 26 62 14 14 16 18 18 79 73 75 77 16 21 10 20 13 11 16 17 18 21 19 10 14 12 12 10 11 15 13 17 21 12 14 10 18 21 16 18 18 20 17 11 15 10 71 71 71 71 71 71 71 15 13 14 16 18 18 79 73 77 12 14 20 19 17 11 13 21 17 11 15 20 20 20 21 14 13 12 10 11 14 20 13 21 21 10 18 11 13 18 14 21 16 17 11 17 21 14 58 22 26
22 26 62 17 14 16 18 18 79 73 75 77 11 18 18 12 19 21 20 16 19 13 19 21 20 15 14 15 10 20 11 12 15 20 15 21 13 12 21 12 21 11 57 67 67 67 66 67 66 67 67 66 66 67 67 66 67 67 66 67 66 66 66 55 14 14 12 18 10 11 21 10 16 10 16 14 15 12 14 15 14 13 19 10 13 12 16 14 12 15 20 18 16 17 19 20 15 19 21 11 58 22 26
22 26 62 21 14 16 18 18 79 73 75 77 12 16 16 14 18 19 19 20 14 13 20 20 21 14 14 20 10 12 19 18 20 13 13 19 16 19 21 11 13 16 58 27 26 25 25 26 27 26 25 25 27 26 27 27 25 26 27 23 26 25 27 62 14 17 21 14 20 13 17 10 18 11 19 12 10 11 21 10 18 20 16 19 19 13 21 12 20 14 20 11 21 18 14 10 12 21 11 10 58 22 26
22 26 62 10 14 16 18 18 79 73 75 77 14 10 17 11 19 12 14 10 18 17 16 13 18 11 13 20 11 10 21 16 21 15 16 19 12 18 19 21 16 13 58 26 25 27 26 25 27 26 25 23 27 26 25 25 26 27 26 25 25 23 25 63 14 11 11 13 17 18 21 11 21 21 14 13 17 12 10 11 14 13 10 14 10 13 16 10 12 16 17 18 21 20 11 12 10 16 12 20 58 22 26
22 26 62 19 14 16 18 18 79 73 75 77 21 20 20 16 15 18 13 10 15 12 20 19 13 21 20 18 17 21 18 14 57 66 66 66 67 67 66 67 66 67 61 27 26 25 25 26 27 26 25 25 27 26 27 27 25 26 27 23 26 25 26 62 10 15 12 21 11 16 10 19 14 13 10 11 17 17 11 16 11 17 15 11 21 19 13 11 14 12 15 11 15 11 16 11 21 16 16 14 58 22 26
22 26 62 11 14 16 18 18 79 73 75 77 14 16 13 16 21 15 20 19 19 18 16 10 19 11 10 19 13 14 12 17 58 25 26 25 27 26 25 27 26 25 22 27 26 25 25 26 27 26 25 25 27 26 27 27 25 26 27 23 26 25 26 62 16 10 10 20 12 14 16 10 17 15 13 19 14 15 13 16 10 21 11 14 10 19 18 17 15 17 15 20 18 17 15 10 16 10 17 12 58 22 26
22 26 62 12 14 16 18 18 79 73 75 77 16 15 10 17 17 18 11 16 11 19 16 18 18 11 10 21 16 12 14 19 58 25 26 25 27 26 25 27 26 25 22 27 26 25 25 26 27 26 25 25 27 26 27 27 25 26 27 23 26 25 26 63 16 20 16 10 12 21 19 14 20 11 18 14 13 20 10 13 14 21 13 16 20 10 17 20 15 14 15 10 12 14 10 10 13 17 17 13 58 22 26
22 26 62 14 14 16 18 18 79 73 75 77 14 17 19 12 17 11 17 20 16 12 21 16 16 13 10 10 20 21 15 15 58 25 26 25 27 26 25 27 26 25 22 27 26 25 25 26 27 26 25 25 27 26 27 27 25 26 27 23 26 25 26 62 20 13 21 17 13 19 10 21 16 18 14 14 10 21 13 21 12 18 12 13 10 18 16 16 19 10 15 15 14 14 13 15 14 13 10 16 58 22 26
22 26 62 15 14 16 18 18 79 73 75 77 21 17 20 11 19 16 12 17 14 14 13 20 20 17 17 16 12 20 18 14 58 25 26 25 27 26 25 27 26 25 22 27 26 25 25 26 27 26 25 25 27 26 27 27 25 26 27 23 26 25 26 63 20 10 16 20 13 17 12 13 17 16 12 16 13 17 19 13 17 14 13 17 13 13 12 15 12 16 15 20 16 10 18 19 12 20 14 20 58 22 26
22 26 62 12 14 16 18 18 79 73 75 77 14 19 17 14 12 15 20 14 10 17 13 12 10 17 15 13 12 13 17 20 58 25 26 25 27 26 25 27 26 25 22 27 26 25 25 26 27 26 25 25 27 26 27 27 25 26 27 23 26 25 26 63 11 11 15 12 20 18 11 17 21 16 15 20 20 14 16 20 19 13 19 19 20 10 15 18 11 12 19 15 21 18 16 10 16 19 16 16 58 22 26
22 26 62 10 14 16 18 18 79 73 75 77 14 13 14 18 17 14 10 12 11 15 10 21 10 13 21 19 14 11 21 12 58 25 26 25 27 26 25 27 26 25 22 27 26 25 25 26 27 26 25 25 27 26 27 27 25 26 27 23 26 25 26 63 15 21 18 11 19 13 14 12 17 17 19 11 19 17 15 10 10 17 12 19 18 11 20 19 15 13 14 20 13 10 13 20 19 13 19 13 58 22 26
22 26 62 11 14 16 18 18 79 73 75 77 14 20 18 16 17 11 16 17 19 14 19 19 17 13 11 11 12 16 15 17 58 25 26 25 27 26 25 27 26 25 22 27 26 25 25 26 27 26 25 25 27 26 27 27 25 26 27 23 26 25 26 62 15 13 12 15 14 19 19 12 15 21 21 20 21 13 19 16 13 19 10 19 21 14 18 12 15 15 11 21 19 12 14 10 12 14 17 17 58 22 26
22 26 62 17 14 16 18 18 79 73 75 77 10 19 15 14 19 21 20 21 17 21 18 19 21 20 10 11 15 15 20 18 52 68 68 69 68 69 68 69 69 69 68 69 68 69 69 68 68 68 69 69 68 68 69 68 69 68 68 69 69 69 68 54 11 17 13 12 10 20 19 14 18 12 17 20 12 16 16 20 21 16 21 20 18 14 19 19 10 14 21 17 11 11 20 16 21 14 20 11 58 22 26
22 26 62 11 14 16 18 18 79 73 75 77 18 13 16 18 18 12 10 13 17 15 16 14 11 19 10 15 17 12 20 18 10 13 18 14 14 12 17 12 21 20 13 18 17 17 17 17 15 13 21 20 17 20 11 21 14 11 10 11 18 11 15 14 12 16 17 19 13 13 16 17 15 14 18 17 20 12 15 13 18 19 12 11 13 10 12 21 12 12 14 10 12 11 21 14 18 13 14 10 58 22 26
22 26 62 19 14 16 18 18 79 73 75 77 12 20 16 16 13 16 19 15 13 18 20 10 11 13 16 16 15 20 13 13 11 14 12 14 10 14 15 19 21 21 13 18 15 13 11 10 18 18 13 18 13 21 18 21 20 16 10 16 21 20 14 15 10 14 21 21 19 21 13 18 10 18 16 11 16 10 11 12 11 21 14 15 15 16 14 14 19 20 15 11 19 10 21 11 14 12 19 20 58 22 26
22 26 62 15 14 16 18 18 79 73 75 77 21 12 10 14 21 16 19 12 19 21 21 12 20 18 10 15 14 12 21 19 11 14 16 20 19 14 20 15 16 15 15 21 11 19 12 21 10 17 13 13 16 20 18 20 21 12 10 10 16 11 12 13 11 21 21 11 14 17 20 13 15 15 11 15 10 14 17 19 13 19 13 16 15 16 18 19 15 12 20 12 12 12 20 15 15 19 12 11 58 22 26
22 26 62 12 14 16 18 18 79 73 75 77 19 17 17 20 15 10 11 12 20 21 20 17 18 19 12 12 20 11 11 10 11 13 18 12 10 19 16 17 16 18 10 11 13 16 15 11 20 16 14 11 13 12 18 21 11 17 17 13 14 10 20 17 21 13 15 21 15 10 12 10 15 10 11 13 17 17 14 16 11 12 14 17 18 13 18 11 11 21 11 17 18 16 13 20 18 14 10 10 58 22 26
22 26 62 10 14 16 18 18 79 73 75 77 12 10 13 18 11 20 20 17 20 19 21 21 14 21 17 12 14 13 15 19 21 16 14 11 12 15 13 17 14 19 15 20 13 12 16 13 20 12 21 18 21 15 12 21 14 20 16 19 10 12 13 17 16 11 15 15 13 12 17 12 10 17 13 15 20 12 15 11 20 18 15 10 15 14 16 20 16 11 11 11 14 17 17 19 20 18 20 16 58 22 26
22 26 62 11 14 16 18 18 79 73 75 77 13 10 20 18 16 19 16 14 11 20 12 14 16 19 18 10 14 12 10 14 20 19 19 10 17 21 17 18 11 15 11 18 21 16 15 12 20 11 21 16 19 20 21 21 15 15 21 14 14 10 15 10 18 21 12 21 10 17 15 19 10 15 20 15 10 12 12 21 13 12 18 18 11 10 17 17 16 15 10 10 20 20 21 18 17 15 11 18 58 22 26
22 26 62 12 14 16 18 18 79 73 75 77 14 12 21 19 20 20 20 17 17 18 21 14 11 18 11 15 15 14 17 12 14 17 17 16 17 10 10 17 14 12 13 20 16 10 11 19 19 16 10 16 17 16 13 16 21 20 13 17 19 17 10 16 17 16 19 11 17 17 15 18 18 13 21 18 13 14 11 11 10 15 11 20 21 10 19 21 17 13 19 12 10 16 17 18 14 20 17 16 58 22 26
22 26 62 14 14 16 18 18 79 73 75 77 14 21 11 19 16 11 18 19 10 14 13 17 19 19 11 21 14 13 16 19 20 16 19 19 10 16 10 16 15 18 20 18 11 13 19 19 15 11 19 14 10 11 12 18 11 19 12 13 13 14 21 20 12 12 14 12 14 10 12 15 11 17 17 21 13 20 18 15 21 10 10 17 19 19 15 16 16 11 15 15 19 12 11 15 17 16 13 15 58 22 26
22 26 62 13 14 16 18 18 79 73 75 77 14 13 11 17 10 16 13 20 17 19 21 19 16 15 14 13 15 18 20 16 10 16 15 15 19 11 10 13 12 15 13 10 15 11 17 13 11 16 16 16 11 11 18 12 15 11 14 16 19 17 11 20 17 16 12 11 10 13 14 10 13 15 17 18 11 12 20 14 14 16 15 13 13 20 13 10 10 16 11 21 17 18 13 15 17 21 10 15 58 22 26
22 26 62 19 14 16 18 18 79 73 75 77 11 12 19 16 12 21 11 18 16 17 14 16 16 15 18 16 16 20 19 21 12 20 19 20 13 19 11 18 18 21 21 21 10 11 14 11 19 14 12 12 16 15 17 18 12 10 12 16 15 21 18 15 11 13 16 16 20 15 16 17 20 16 18 12 11 11 10 12 10 16 11 19 19 10 14 17 10 19 21 18 11 16 11 15 12 12 10 15 58 22 26
22 26 62 11 14 16 18 18 79 73 75 77 18 10 13 16 10 10 20 15 21 16 18 11 14 17 11 19 11 18 13 10 14 19 17 13 19 20 12 14 18 17 21 20 14 16 17 10 19 18 11 14 17 15 18 14 13 11 12 21 17 17 17 20 12 12 20 21 20 21 18 14 13 15 17 16 15 18 21 18 15 11 11 16 11 15 14 16 20 11 12 11 10 11 13 18 11 11 11 21 58 22 26
22 26 62 18 14 16 18 18 79 73 75 77 14 14 13 19 10 21 10 20 19 17 10 12 16 12 17 12 15 17 12 13 15 17 14 20 11 20 14 18 17 16 15 18 16 20 11 13 15 19 13 19 13 16 18 19 14 14 11 21 15 21 21 17 18 16 17 21 15 10 11 13 11 19 18 14 12 20 11 20 21 11 12 16 20 10 16 18 13 19 17 18 17 13 21 10 13 18 17 20 58 22 26
22 26 62 17 14 16 18 18 79 73 75 77 16 12 19 12 10 21 12 16 11 19 11 14 12 11 11 10 18 11 19 14 13 21 12 21 12 15 13 16 11 13 10 17 21 19 17 11 17 10 14 17 15 12 15 18 15 20 14 18 19 20 11 21 11 11 21 15 15 19 20 13 16 19 21 15 11 11 11 19 11 17 11 12 14 16 11 21 16 20 15 18 16 12 20 13 19 16 10 14 58 22 26
22 26 62 18 14 16 18 18 79 73 75 77 18 17 10 11 15 14 15 20 17 14 19 18 16 11 19 17 13 21 12 10 19 12 14 19 20 14 19 17 12 18 10 21 12 12 11 21 11 18 13 14 11 16 11 19 19 14 12 14 12 18 17 10 19 17 17 17 18 18 17 12 19 18 11 14 10 20 18 10 17 13 15 12 15 20 17 11 18 11 10 16 18 18 19 20 11 14 15 16 58 22 26
22 26 62 17 14 16 18 18 79 73 75 77 21 14 13 13 15 19 15 11 20 13 14 21 21 18 12 19 17 12 20 12 15 17 18 14 20 13 16 10 14 13 18 13 20 13 21 10 16 21 12 15 13 17 15 16 11 10 10 11 10 21 19 10 10 19 12 12 15 21 12 14 11 15 16 11 21 10 17 10 14 13 17 16 14 21 15 19 10 10 17 16 20 16 21 14 12 11 20 20 58 22 26
22 26 62 15 14 16 18 18 79 73 75 77 20 21 20 16 15 11 12 10 19 10 19 10 18 10 17 19 17 19 20 18 20 15 10 10 11 11 17 12 19 12 18 10 12 11 18 17 18 10 18 10 10 13 21 21 17 21 12 10 13 16 18 10 15 11 21 10 20 18 17 15 15 16 16 17 17 15 20 17 13 15 14 15 19 12 12 18 16 12 14 14 11 10 12 20 19 11 16 12 58 22 26
22 26 62 11 14 16 18 18 79 73 75 77 16 20 16 16 14 19 14 19 12 19 18 12 21 16 12 12 13 17 14 17 19 13 20 14 11 12 10 21 17 14 13 14 10 20 20 17 11 10 17 21 15 18 21 15 13 16 13 10 16 16 20 20 20 13 18 15 15 11 14 11 16 11 16 15 19 11 13 19 18 21 20 12 20 14 11 16 16 12 19 18 17 13 13 18 13 11 15 14 58 22 26
22 26 62 12 14 16 18 18 79 73 75 77 10 19 20 20 21 14 11 11 18 16 11 12 19 15 14 15 18 18 21 16 17 12 12 17 21 17 20 20 16 20 12 13 21 21 19 10 10 14 14 11 12 18 19 20 10 14 11 10 15 20 10 13 16 10 14 13 15 19 12 17 16 17 18 13 17 15 10 20 11 15 16 20 16 13 21 18 15 14 16 15 20 19 13 14 17 10 12 17 58 22 26
22 26 62 10 14 16 18 18 79 73 75 77 17 20 12 11 14 12 16 14 17 12 12 15 17 20 15 17 21 21 15 16 10 18 15 10 21 17 11 14 16 14 10 20 16 13 11 16 20 20 16 17 13 11 20 14 14 19 10 11 15 14 19 11 11 12 21 11 11 20 15 19 14 15 10 21 14 11 17 18 21 17 17 13 10 15 11 11 14 15 20 21 20 17 12 13 21 17 10 20 58 22 26
22 26 62 12 14 16 18 18 79 73 75 77 17 18 15 11 12 12 14 14 15 10 15 13 10 14 21 11 19 16 10 16 13 16 14 19 12 17 14 19 21 10 16 10 15 12 15 16 12 11 21 12 15 18 13 13 20 18 14 20 11 19 14 21 13 13 10 10 20 14 11 19 17 13 10 13 17 20 19 14 17 11 11 13 19 16 17 15 11 16 17 13 19 20 21 18 16 21 20 14 58 22 26
22 26 62 14 14 16 18 18 79 73 75 77 12 16 17 12 12 12 15 13 10 20 16 10 16 15 18 19 15 20 11 18 13 10 16 19 10 10 17 11 12 16 16 17 20 11 19 18 20 13 12 21 14 10 20 10 19 10 15 16 17 11 16 10 14 18 13 11 11 17 11 18 10 14 20 17 13 11 12 14 20 16 18 17 13 15 16 13 10 11 16 17 19 13 11 11 10 14 14 11 58 22 26
22 26 62 16 14 16 18 18 79 73 75 77 12 18 11 15 10 14 21 16 18 12 11 10 16 10 15 17 15 17 19 13 19 16 10 21 11 15 11 16 16 14 10 18 19 12 10 17 18 12 11 11 19 14 13 15 16 19 21 19 11 20 13 20 17 12 19 21 18 11 11 15 14 10 14 14 11 21 19 18 20 11 21 17 17 20 11 12 16 11 13 17 20 15 14 12 12 17 19 18 58 22 26
22 26 62 12 14 16 18 18 79 73 75 77 17 21 20 10 19 17 12 17 11 14 18 16 15 10 20 12 16 17 14 13 21 13 10 10 14 17 18 21 14 20 15 16 20 17 16 16 19 20 20 18 14 20 21 12 12 17 10 18 19 14 12 18 12 15 17 19 15 16 21 21 14 10 14 10 13 12 20 16 16 10 19 12 12 10 14 20 15 15 20 21 11 11 16 16 11 18 21 21 58 22 26
22 26 62 10 14 16 18 18 79 73 75 77 17 11 13 21 10 19 20 21 20 17 10 21 20 13 19 15 20 13 14 10 15 11 11 11 12 19 20 19 19 12 15 20 11 10 18 10 10 19 12 10 10 11 20 17 21 14 12 16 17 10 13 13 21 15 21 18 12 10 10 10 15 21 17 19 15 13 19 15 11 15 13 16 19 17 11 15 10 20 20 15 16 11 16 10 13 19 11 12 58 22 26
22 26 62 15 14 16 18 18 79 73 75 77 18 13 13 18 21 10 21 14 15 18 11 19 10 13 21 12 18 17 17 16 14 10 12 16 20 14 20 17 20 18 18 10 14 16 10 17 18 12 12 10 14 21 21 12 11 12 15 21 12 21 18 19 21 19 16 20 20 19 16 18 14 17 16 15 12 21 16 13 16 13 19 15 16 16 21 16 19 16 18 16 16 17 11 20 15 13 19 11 58 22 26
22 26 62 12 14 16 18 18 79 73 75 77 16 21 14 13 11 11 20 16 14 16 18 17 13 11 11 11 18 13 15 13 14 18 15 21 21 18 13 18 19 13 10 17 19 18 21 20 14 14 21 14 16 13 20 20 11 10 12 18 13 19 10 14 13 21 13 17 21 17 13 19 16 17 18 14 15 14 21 20 10 18 17 14 12 15 14 13 15 14 20 14 15 11 11 11 11 10 20 17 58 22 26
22 26 62 10 14 16 18 18 79 73 75 77 18 10 20 15 12 10 14 16 21 20 11 14 14 21 18 10 11 14 11 21 21 12 21 14 12 13 10 18 17 19 16 12 11 10 21 18 14 18 15 13 15 15 18 19 16 12 12 16 21 15 12 20 13 15 18 20 19 18 18 16 10 18 20 19 16 14 21 11 20 14 13 20 12 15 13 12 14 17 19 21 13 20 13 19 13 10 14 21 58 22 26
22 26 62 18 14 16 18 18 79 73 75 77 16 15 16 17 17 12 20 15 12 16 21 13 12 10 10 13 10 19 13 15 11 10 12 19 12 21 12 20 11 16 17 16 11 17 12 20 16 11 18 20 18 17 20 20 10 15 12 18 21 14 16 21 20 21 10 19 11 16 16 18 17 14 17 21 17 16 10 21 17 11 12 16 16 11 18 11 18 10 15 11 12 17 13 10 16 15 21 20 58 22 26
22 26 62 15 14 16 18 18 79 73 75 77 10 17 21 10 18 20 18 12 12 15 11 16 16 10 10 16 20 16 18 17 12 10 10 10 10 17 17 19 10 15 20 14 17 15 14 15 12 10 17 12 17 14 15 12 12 18 14 18 12 17 16 15 17 20 10 11 18 15 13 17 17 16 13 17 14 19 15 15 10 10 21 16 12 16 12 20 14 17 13 20 19 17 16 17 16 14 15 18 58 22 26
22 26 62 13 14 16 18 18 79 73 75 77 11 15 12 10 13 12 21 12 17 19 11 21 17 16 10 16 17 16 12 21 14 17 17 16 19 13 11 17 11 11 15 10 13 14 12 12 21 19 11 14 12 11 17 19 10 11 10 15 16 14 18 10 10 16 21 14 19 12 11 19 20 10 15 13 14 20 19 20 11 19 14 21 21 19 21 17 11 21 15 15 21 15 16 14 17 12 81 14 58 22 26
22 26 62 11 14 16 18 18 79 73 75 77 12 10 13 19 10 17 13 19 12 18 17 15 20 17 13 18 20 10 13 19 19 21 12 12 18 18 10 19 21 19 15 14 11 12 18 20 13 17 12 17 16 14 10 16 20 10 18 17 18 10 17 10 11 15 12 15 11 21 12 13 14 14 13 12 21 15 10 17 20 17 10 19 11 18 16 14 19 11 16 10 16 14 20 10 14 17 17 16 58 22 26
22 26 62 10 14 16 18 18 79 73 75 77 16 11 19 21 10 21 16 20 11 16 14 19 19 11 21 12 12 12 15 20 13 20 17 14 12 20 10 20 19 21 10 18 13 20 19 15 12 11 21 14 18 12 13 18 14 12 17 11 21 16 14 17 15 16 10 21 16 12 18 15 20 19 13 21 15 20 15 17 17 21 20 17 14 12 19 18 14 17 19 20 17 21 19 13 21 20 16 17 58 22 26
22 26 62 12 14 16 18 18 79 73 75 77 10 10 13 17 16 12 14 14 21 18 13 18 12 11 16 19 17 14 17 13 10 13 20 17 20 11 12 11 21 17 19 13 10 18 15 13 20 20 20 16 14 11 12 10 21 21 11 18 19 13 17 19 18 18 14 13 20 20 13 13 14 21 16 11 18 21 19 14 10 20 15 15 10 17 19 16 10 20 11 12 10 10 14 11 11 21 14 19 58 22 26
22 26 62 14 14 16 18 18 79 73 75 77 18 15 10 11 15 15 16 19 18 12 12 16 14 20 10 14 19 18 21 21 19 17 12 12 18 14 19 11 19 10 12 13 12 18 21 16 17 14 20 19 16 17 19 13 20 19 13 20 19 21 14 18 10 21 19 21 14 10 14 18 21 15 17 15 12 17 17 17 19 12 10 21 21 14 14 13 15 15 21 12 16 21 13 14 16 16 10 17 58 22 26
22 26 62 16 14 16 18 18 79 73 75 77 17 11 16 21 13 21 19 19 19 21 16 18 16 19 14 13 20 12 14 13 11 16 16 18 11 11 12 13 17 10 16 20 12 19 19 14 13 12 13 15 21 20 14 19 16 11 21 11 18 15 19 12 13 13 16 17 15 11 18 17 10 17 19 21 19 14 10 12 11 20 12 16 20 12 12 11 15 12 10 12 15 20 12 19 12 12 19 15 58 22 26
22 26 62 11 14 16 18 18 79 73 75 77 16 12 12 16 17 18 18 21 15 16 14 20 14 16 18 17 12 11 21 13 18 15 18 14 11 13 11 14 14 18 11 18 11 10 21 10 15 16 16 18 15 17 15 11 16 13 12 19 13 16 14 20 12 12 17 20 10 10 12 10 10 10 21 13 14 12 11 10 19 12 17 13 15 12 15 21 12 18 16 13 14 16 10 10 15 12 87 78 58 22 26
22 26 62 10 14 16 18 18 79 73 75 77 12 14 10 19 18 21 13 10 10 16 16 18 17 19 18 13 11 11 12 20 10 17 13 17 16 16 18 12 16 10 12 12 18 20 14 15 10 19 13 10 15 12 16 18 13 21 17 19 15 10 20 15 19 18 13 13 10 21 20 16 20 19 14 14 10 16 19 10 17 20 20 21 10 11 13 10 17 21 11 10 19 18 14 17 12 19 86 78 58 22 26
22 26 62 14 14 16 18 18 79 73 75 77 12 10 16 11 20 16 19 14 10 12 20 16 15 21 12 11 18 11 19 14 18 21 13 12 16 14 13 12 13 20 18 11 11 14 11 17 16 16 18 21 21 14 17 15 10 18 13 12 17 11 13 12 17 19 11 17 16 13 14 20 21 12 13 13 10 16 15 21 18 21 13 16 20 11 20 17 16 14 20 13 17 11 10 15 12 17 17 11 58 22 26
22 26 62 12 14 16 18 18 79 73 75 77 11 13 17 14 16 11 11 20 21 17 20 14 16 15 15 16 19 16 16 10 21 13 16 15 18 19 18 10 16 20 15 18 10 16 13 20 21 13 20 19 18 19 14 17 20 15 21 13 19 10 11 11 18 15 17 13 18 15 16 16 11 15 19 16 20 16 14 17 15 18 17 21 15 21 21 15 18 10 19 19 16 14 19 10 18 17 15 21 58 22 26
22 26 62 16 14 16 18 18 79 73 75 77 13 18 17 12 14 18 10 19 19 21 17 11 20 17 15 14 20 19 10 19 10 10 12 11 16 19 12 12 19 16 11 14 17 17 13 11 14 15 13 11 17 16 11 19 14 17 21 11 14 15 15 20 15 17 13 17 15 11 13 10 20 20 10 14 14 10 19 14 12 18 21 11 16 19 13 13 15 21 10 14 10 11 20 18 21 10 14 17 58 22 26
22 26 62 16 14 16 18 18 79 73 75 77 14 17 16 12 18 18 16 19 13 21 10 19 10 20 15 18 20 12 18 16 11 13 15 20 17 13 14 20 18 21 21 16 20 15 19 21 14 12 10 15 16 18 20 13 12 10 14 13 16 11 18 13 21 19 19 12 21 19 19 11 21 19 17 18 12 17 21 19 20 18 21 15 18 19 13 13 14 17 19 21 14 12 10 13 20 14 18 14 58 22 26
22 26 62 13 14 16 18 18 79 73 75 77 15 20 12 21 10 20 13 14 14 20 21 16 14 14 21 15 18 12 18 16 20 19 11 14 10 11 10 12 20 13 20 17 17 18 19 11 17 21 15 17 21 21 13 16 19 17 12 16 11 15 13 12 15 20 18 15 12 17 19 11 11 20 15 16 20 11 10 15 21 19 20 17 19 14 21 15 21 13 11 11 17 19 18 20 19 10 84 80 58 22 26
22 26 62 11 14 16 18 18 79 73 75 77 18 17 15 11 20 11 10 15 21 19 17 13 15 18 21 19 17 17 10 20 15 18 19 14 20 17 16 13 13 14 13 17 14 11 18 18 15 18 13 14 10 10 11 13 13 15 10 20 12 21 20 11 20 20 10 17 21 14 12 10 14 18 13 16 20 18 15 11 10 13 17 10 16 18 17 16 10 21 13 21 17 11 21 11 21 10 16 12 58 22 26
22 26 62 10 14 16 18 18 79 73 75 77 16 10 18 17 20 20 14 17 16 21 10 17 12 19 20 17 12 14 17 19 10 14 15 18 18 15 17 21 19 12 12 14 20 15 16 14 21 10 11 13 21 15 18 12 14 10 15 12 15 17 13 18 17 17 16 13 20 15 13 19 10 15 13 11 16 20 12 16 16 10 20 16 10 14 20 10 18 19 18 17 12 10 13 21 20 11 10 20 58 22 26
22 26 62 13 14 16 18 18 79 73 75 77 16 16 16 13 11 11 12 10 16 14 19 15 17 11 19 21 10 17 17 16 20 15 18 13 12 19 11 15 11 14 10 16 21 10 20 21 13 15 10 14 21 16 16 11 11 14 17 16 16 18 10 12 12 15 14 10 16 11 15 17 15 14 20 17 16 10 11 11 17 15 18 13 17 20 21 20 18 20 14 11 21 10 13 21 19 14 19 20 58 22 26
22 26 62 12 14 16 18 18 79 73 75 77 10 14 20 15 15 14 19 16 18 16 10 11 10 13 10 18 15 17 20 19 16 16 13 14 16 21 17 20 18 10 14 18 15 19 21 20 15 15 18 11 15 12 13 18 10 20 12 12 17 16 17 19 13 13 18 12 13 19 20 15 14 14 20 20 12 21 19 12 17 17 14 10 21 18 16 13 17 14 12 19 21 18 18 16 18 19 13 21 58 22 26
22 26 62 17 14 16 18 18 79 73 75 77 18 14 18 12 12 15 17 17 12 19 10 18 16 17 12 18 16 20 15 10 16 14 20 11 20 21 20 15 17 19 15 13 14 10 11 14 19 15 14 20 14 15 21 21 19 15 13 21 10 14 16 10 21 11 17 20 19 17 14 12 13 18 12 11 12 15 17 20 16 10 13 16 15 19 10 17 21 21 11 21 13 13 11 14 14 12 20 16 58 22 26
22 26 62 19 14 16 18 18 79 73 75 77 13 11 16 15 12 10 20 18 21 19 21 11 20 15 10 17 17 11 16 16 10 16 20 18 10 15 13 18 18 21 14 10 15 15 11 15 17 16 16 15 15 16 15 13 11 18 18 13 19 14 14 11 14 19 12 15 10 20 13 12 11 14 17 18 19 10 20 18 12 14 14 20 18 13 21 16 11 17 14 18 20 18 12 17 19 16 12 11 58 22 26
22 26 62 18 14 16 18 18 79 73 75 77 19 15 18 19 16 10 15 16 15 20 20 21 13 18 19 20 13 14 12 13 10 19 10 18 17 13 10 17 20 13 20 10 10 19 19 17 19 11 14 10 19 16 12 17 16 16 16 21 21 14 12 17 18 17 20 13 13 12 12 11 14 16 19 21 16 14 14 21 13 16 12 12 20 16 12 15 13 14 10 20 18 14 19 20 14 13 17 11 58 22 26
22 26 62 18 14 16 18 18 79 73 75 77 20 12 11 19 18 16 10 19 14 21 21 13 13 20 14 14 17 11 11 21 17 14 21 11 17 11 10 21 18 15 12 17 21 17 10 20 11 16 18 16 18 13 17 21 21 19 12 14 13 10 16 17 20 12 20 21 21 15 18 13 14 17 16 17 16 17 13 17 18 17 14 14 13 17 10 10 10 16 14 20 16 12 10 12 18 20 16 14 58 22 26
22 26 62 11 14 16 18 18 79 73 75 77 20 10 15 11 18 11 21 13 21 21 16 17 12 15 11 11 10 19 17 18 17 18 12 16 21 13 12 17 16 12 16 15 15 19 16 12 11 13 16 11 13 12 13 21 19 16 10 20 21 16 15 10 17 10 17 12 19 16 17 11 16 19 16 20 15 17 19 19 14 16 13 14 19 17 14 15 10 11 11 17 10 11 21 21 21 17 10 20 58 22 26
22 26 62 13 14 16 18 18 79 73 75 77 16 11 15 15 18 10 11 16 13 19 11 13 10 13 20 20 14 15 10 12 10 12 20 10 16 17 11 16 11 17 10 18 21 20 10 19 14 21 11 11 16 13 20 19 16 16 11 15 16 11 13 16 19 13 13 14 14 16 11 15 11 15 17 14 17 21 18 12 20 17 19 17 11 13 12 17 12 14 15 17 15 18 16 20 11 13 13 10 58 22 26
22 26 62 12 14 16 18 18 79 73 75 77 11 15 19 21 14 19 18 13 11 15 12 10 19 20 21 16 19 17 10 11 17 13 16 10 10 17 20 10 14 10 18 13 12 21 10 16 21 15 17 21 20 21 21 19 16 17 18 16 13 20 12 17 21 11 13 12 19 12 19 11 15 13 18 13 14 17 17 21 15 14 19 16 14 16 21 20 16 18 21 11 11 12 21 16 18 16 87 14 58 22 26
22 26 62 11 14 16 18 18 79 73 75 77 10 16 20 18 21 10 14 12 20 11 12 12 13 19 19 14 15 18 18 17 20 16 13 20 13 15 17 18 18 13 10 16 21 16 18 18 10 15 17 20 16 12 14 21 14 12 14 13 17 15 19 11 11 16 16 13 15 13 20 12 13 21 20 13 11 19 11 10 20 15 21 11 12 15 20 17 19 20 19 20 13 21 12 17 15 20 10 11 58 22 26
22 26 62 10 14 16 18 18 79 73 75 77 17 21 10 10 10 10 12 21 19 15 10 21 19 17 14 21 15 21 15 19 19 15 10 17 21 16 15 18 15 18 10 15 21 13 11 20 16 11 12 13 10 14 19 14 18 18 19 18 15 18 14 21 13 15 16 17 16 12 12 11 21 18 10 12 11 16 13 18 19 20 10 14 13 16 21 19 20 15 21 20 12 19 12 12 10 20 16 15 58 22 26
22 26 62 14 14 16 18 18 79 73 75 77 11 19 12 14 15 21 21 17 11 15 10 19 21 17 16 21 10 18 21 11 21 15 13 20 21 12 14 19 18 20 15 20 12 12 17 14 12 17 19 19 20 11 16 15 14 19 19 19 21 21 19 17 16 19 13 16 19 17 20 13 19 17 15 17 18 17 13 15 17 17 14 14 16 19 14 12 20 17 17 18 19 12 14 21 16 19 21 18 58 22 26
22 26 62 15 14 16 18 18 79 73 75 77 10 12 19 21 13 18 17 14 18 11 21 12 16 17 15 11 17 21 16 16 14 21 21 18 21 19 17 16 21 18 19 19 13 18 13 21 20 14 15 17 13 10 20 14 11 17 16 18 16 13 15 19 20 16 13 21 13 15 11 15 21 19 17 16 13 11 18 18 21 13 14 21 12 21 14 19 18 19 15 20 13 21 13 10 21 13 11 15 58 22 26
22 26 62 18 14 16 18 18 79 73 75 77 12 20 20 14 12 20 15 20 15 10 19 12 14 11 19 18 19 15 12 16 13 11 21 16 13 17 18 17 13 16 11 13 21 15 19 21 12 15 14 20 12 21 12 15 10 15 13 14 20 11 18 20 13 14 20 21 21 14 13 18 14 15 12 15 19 21 18 16 20 15 11 17 15 17 18 15 14 15 11 12 17 21 15 16 11 15 13 14 58 22 26
22 26 62 19 14 16 18 18 79 73 75 77 13 19 16 15 13 10 10 13 12 17 20 16 14 17 21 10 15 11 18 15 14 13 12 11 19 16 15 12 10 18 13 13 10 11 19 19 18 20 10 17 15 12 13 19 11 18 10 15 18 17 16 15 20 15 17 15 11 21 18 16 15 11 16 20 15 16 16 20 10 10 20 15 12 20 21 12 12 10 17 19 20 17 10 15 19 19 13 20 58 22 26
22 26 62 11 14 16 18 18 79 73 75 77 17 17 15 11 14 18 13 20 13 11 11 11 15 20 18 10 11 18 12 17 20 21 19 13 21 19 16 15 16 10 20 12 11 13 11 14 18 21 17 15 17 17 14 17 17 17 17 17 12 20 10 18 14 20 18 10 19 12 16 13 14 20 13 14 16 10 12 10 15 17 16 20 10 14 16 15 10 12 18 15 13 13 11 18 19 15 15 20 58 22 26
22 26 62 13 14 16 18 18 79 73 75 77 17 14 11 20 18 16 15 15 17 21 19 21 12 20 19 15 12 20 13 11 13 17 16 11 21 15 17 11 14 18 21 12 13 13 18 14 19 17 21 18 10 17 21 14 19 10 15 20 16 21 17 17 13 14 21 19 13 18 14 21 15 21 14 15 14 21 13 17 18 11 11 19 16 11 18 21 11 13 19 21 15 18 21 17 18 20 84 86 58 22 26
22 26 62 12 14 16 18 18 79 73 75 77 15 18 11 18 16 15 18 20 13 19 11 18 18 13 10 21 11 10 14 11 14 15 21 11 15 14 15 14 17 21 20 19 19 20 16 11 16 17 14 20 15 10 16 19 12 15 15 21 20 10 15 11 20 14 11 18 21 11 11 10 14 13 10 20 11 11 18 11 14 11 17 20 18 17 18 18 16 18 20 19 21 10 15 15 18 21 78 81 58 22 26
22 26 62 10 14 16 18 18 79 73 75 77 20 21 20 18 10 19 16 13 15 14 14 16 13 10 13 21 11 13 14 13 18 16 18 17 14 12 11 12 15 19 18 19 16 15 17 21 15 14 14 18 19 11 16 14 20 13 18 20 18 13 16 17 17 16 14 12 11 16 16 11 15 16 10 12 14 10 20 19 21 20 20 15 11 11 16 13 13 20 12 15 12 10 16 11 19 21 15 20 58 22 26
22 26 62 11 14 16 18 18 79 73 75 77 12 16 13 16 15 18 17 20 17 19 10 12 12 10 15 18 19 14 20 11 11 19 11 19 14 10 19 14 10 12 18 14 16 15 17 13 17 12 12 15 18 17 12 18 19 19 12 10 15 16 15 15 17 11 19 18 17 16 14 16 11 15 15 18 20 13 10 17 19 12 20 16 14 19 12 14 16 15 18 16 13 16 14 16 18 18 79 88 58 22 26
22 26 62 16 14 16 18 18 79 73 75 77 17 19 11 20 17 10 16 16 16 18 11 19 15 15 21 15 12 13 20 21 12 13 16 16 17 19 21 14 20 18 15 17 10 11 19 18 12 20 14 13 21 15 21 16 19 12 19 14 11 21 19 12 15 13 13 19 14 20 16 18 19 16 12 18 10 19 21 11 21 21 12 11 14 13 21 19 10 21 15 18 10 17 13 21 14 14 14 17 58 22 26
22 26 62 14 14 16 18 18 79 73 75 77 19 19 19 14 12 15 16 15 17 15 16 21 11 15 14 13 13 17 16 18 18 17 14 15 13 13 18 13 17 20 21 21 12 20 10 18 10 10 13 17 18 14 10 10 17 19 19 20 16 17 20 18 14 10 11 13 19 12 16 10 15 13 12 20 18 17 21 19 20 21 21 21 17 19 16 17 11 12 11 17 20 20 12 14 21 10 82 78 58 22 26
22 26 62 15 14 16 18 18 79 73 75 77 19 20 16 20 16 18 13 18 18 13 17 17 18 16 11 11 12 17 21 11 17 18 18 13 14 10 18 16 16 15 19 12 14 19 13 19 10 15 15 17 17 16 17 11 12 10 10 12 15 20 11 16 14 17 21 10 11 17 21 13 16 19 19 12 18 11 18 18 15 13 21 14 13 16 13 16 19 18 15 20 21 21 14 12 16 15 20 16 58 22 26
22 26 62 66 66 66 67 67 66 67 66 67 66 66 66 67 67 66 67 66 67 66 66 66 67 67 66 67 66 67 66 66 66 67 67 66 67 66 67 66 66 66 67 67 66 67 66 67 66 66 66 67 67 66 67 66 67 66 66 66 67 67 66 67 66 67 66 66 66 67 67 66 67 66 67 66 66 66 67 67 66 67 66 67 66 66 66 67 67 66 67 66 67 66 66 66 67 67 66 67 58 22 26
22 26 62 22 26 22 26 22 26 22 26 22 26 22 26 22 26 22 26 22 26 22 26 22 26 22 26 22 26 22 26 22 26 22 26 22 26 22 26 22 26 22 26 22 26 22 26 22 26 22 26 22 26 22 26 22 26 22 26 22 26 22 26 22 26 22 26 22 26 22 26 22 26 22 26 22 26 22 26 22 26 22 26 22 26 22 26 22 26 22 26 22 26 22 26 22 26 22 26 22 26 22 26
22 26 62 22 26 22 26 22 26 22 26 22 26 22 26 22 26 22 26 22 26 22 26 22 26 22 26 22 26 22 26 22 26 22 26 22 26 22 26 22 26 22 26 22 26 22 26 22 26 22 26 22 26 22 26 22 26 22 26 22 26 22 26 22 26 22 26 22 26 22 26 22 26 22 26 22 26 22 26 22 26 22 26 22 26 22 26 22 26 22 26 22 26 22 26 22 26 22 26 22 26 22 26
22 26 62 22 26 22 26 22 26 22 26 22 26 22 26 22 26 22 26 22 26 22 26 22 26 22 26 22 26 22 26 22 26 22 26 22 26 22 26 22 26 22 26 22 26 22 26 22 26 22 26 22 26 22 26 22 26 22 26 22 26 22 26 22 26 22 26 22 26 22 26 22 26 22 26 22 26 22 26 22 26 22 26 22 26 22 26 22 26 22 26 22 26 22 26 22 26 22 26 22 26 22 26